1 0.024722 0.872725 0.064894 0.872725 0.064894 0.963417 0.024722 0.963417
8 0.945612 0.871532 0.978368 0.871532 0.978368 0.959838 0.945612 0.959838
8 0.029666 0.430005 0.056242 0.430005 0.056242 0.470577 0.029666 0.470577
8 0.260198 0.854826 0.284302 0.854826 0.284302 0.920458 0.260198 0.920458
8 0.260198 0.424038 0.284920 0.424038 0.284920 0.471771 0.260198 0.471771
8 0.491965 0.426425 0.514215 0.426425 0.514215 0.475351 0.491965 0.475351
8 0.490111 0.861985 0.517923 0.861985 0.517923 0.916879 0.490111 0.916879
8 0.719407 0.424038 0.743511 0.424038 0.743511 0.470577 0.719407 0.470577
8 0.719407 0.866758 0.747219 0.866758 0.747219 0.918071 0.719407 0.918071
4 0.946848 0.427619 0.972806 0.427619 0.972806 0.474158 0.946848 0.474158
4 0.032757 0.111388 0.065513 0.111388 0.065513 0.424037 0.032757 0.424037
4 0.259580 0.052917 0.287392 0.052917 0.287392 0.397786 0.259580 0.397786
4 0.492583 0.049336 0.516687 0.049336 0.516687 0.406138 0.492583 0.406138
4 0.712608 0.040983 0.742892 0.040983 0.742892 0.400172 0.712608 0.400172
4 0.938196 0.119742 0.970334 0.119742 0.970334 0.397784 0.938196 0.397784
7 0.035229 0.228334 0.974660 0.228334 0.974660 0.357212 0.035229 0.357212
