0 0.416847 0.740119 0.452484 0.740119 0.452484 0.830301 0.416847 0.830301
4 0.420626 0.834867 0.447084 0.834867 0.447084 0.969571 0.420626 0.969571
4 0.820734 0.302904 0.843412 0.302904 0.843412 0.445598 0.820734 0.445598
4 0.920627 0.194457 0.980562 0.194457 0.980562 0.258383 0.920627 0.258383
4 0.028618 0.304046 0.043736 0.304046 0.043736 0.433040 0.028618 0.433040
1 0.022138 0.203589 0.057236 0.203589 0.057236 0.288063 0.022138 0.288063
8 0.217603 0.201306 0.238121 0.201306 0.238121 0.251534 0.217603 0.251534
8 0.423326 0.208155 0.444924 0.208155 0.444924 0.262950 0.423326 0.262950
8 0.614471 0.201305 0.638769 0.201305 0.638769 0.240118 0.614471 0.240118
1 0.818034 0.197881 0.852591 0.197881 0.852591 0.290347 0.818034 0.290347
0 0.880669 0.185324 0.919007 0.185324 0.919007 0.276648 0.880669 0.276648
8 0.422246 0.625964 0.447084 0.625964 0.447084 0.673908 0.422246 0.673908
