0 0.236723 0.160357 0.285349 0.160357 0.285349 0.251453 0.236723 0.251453
2 0.903613 0.889132 0.954325 0.889132 0.954325 0.966898 0.903613 0.966898
2 0.022067 0.739155 0.035961 0.739155 0.035961 0.842473 0.022067 0.842473
9 0.031098 0.743599 0.045686 0.743599 0.045686 0.833585 0.031098 0.833585
8 0.247838 0.059261 0.273541 0.059261 0.273541 0.103699 0.247838 0.103699
8 0.470135 0.081480 0.495838 0.081480 0.495838 0.115919 0.470135 0.115919
8 0.466661 0.756930 0.496532 0.756930 0.496532 0.803589 0.466661 0.803589
8 0.906392 0.778038 0.946684 0.778038 0.946684 0.822476 0.906392 0.822476
7 0.040129 0.668055 0.476386 0.668055 0.476386 0.784704 0.040129 0.784704
7 0.490975 0.665833 0.927232 0.665833 0.927232 0.780260 0.490975 0.780260
