0 0.026365 0.885799 0.089623 0.885799 0.089623 0.968008 0.026365 0.968008
0 0.627311 0.888022 0.692151 0.888022 0.692151 0.972452 0.627311 0.972452
0 0.018458 0.449200 0.081716 0.449200 0.081716 0.543630 0.018458 0.543630
8 0.945972 0.458088 0.979973 0.458088 0.979973 0.508080 0.945972 0.508080
8 0.638382 0.440314 0.674755 0.440314 0.674755 0.486973 0.638382 0.486973
8 0.641545 0.478085 0.679500 0.478085 0.679500 0.521412 0.641545 0.521412
8 0.352932 0.442535 0.380607 0.442535 0.380607 0.484751 0.352932 0.484751
8 0.332374 0.475863 0.360840 0.475863 0.360840 0.512525 0.332374 0.512525
8 0.637591 0.031488 0.672383 0.031488 0.672383 0.075926 0.637591 0.075926
4 0.948344 0.533632 0.972856 0.533632 0.972856 0.652502 0.948344 0.652502
7 0.670305 0.032098 0.974346 0.421548 0.954635 0.451924 0.650594 0.062474
7 0.374984 0.396802 0.616901 0.045498 0.634517 0.069444 0.392600 0.420749
