7 0.213415 0.678229 0.658537 0.678229 0.658537 0.773108 0.213415 0.773108
2 0.189024 0.907144 0.662195 0.907144 0.662195 0.943289 0.189024 0.943289
8 0.628049 0.182747 0.659756 0.182747 0.659756 0.211361 0.628049 0.211361
8 0.636585 0.310759 0.667073 0.310759 0.667073 0.330337 0.636585 0.330337
8 0.634146 0.346903 0.664634 0.346903 0.664634 0.358951 0.634146 0.358951
8 0.632927 0.459855 0.660976 0.459855 0.660976 0.474915 0.632927 0.474915
8 0.630488 0.488470 0.664634 0.488470 0.664634 0.514072 0.630488 0.514072
8 0.639024 0.599915 0.665854 0.599915 0.665854 0.631542 0.639024 0.631542
8 0.631707 0.628530 0.659756 0.628530 0.659756 0.661662 0.631707 0.661662
8 0.631707 0.779132 0.660976 0.779132 0.660976 0.806241 0.631707 0.806241
8 0.631707 0.866482 0.659756 0.866482 0.659756 0.889072 0.631707 0.889072
8 0.196341 0.181241 0.231707 0.181241 0.231707 0.209855 0.196341 0.209855
8 0.193902 0.300216 0.231707 0.300216 0.231707 0.334855 0.193902 0.334855
8 0.207317 0.340879 0.237805 0.340879 0.237805 0.375518 0.207317 0.375518
8 0.190244 0.461361 0.236585 0.461361 0.236585 0.488470 0.190244 0.488470
8 0.190244 0.488470 0.235366 0.488470 0.235366 0.508048 0.190244 0.508048
8 0.198780 0.608951 0.241463 0.608951 0.241463 0.633048 0.198780 0.633048
8 0.195122 0.631542 0.228049 0.631542 0.228049 0.652626 0.195122 0.652626
8 0.200000 0.773108 0.251220 0.773108 0.251220 0.797204 0.200000 0.797204
8 0.192683 0.733951 0.254878 0.733951 0.254878 0.773108 0.192683 0.773108
8 0.628049 0.729433 0.676829 0.729433 0.676829 0.783650 0.628049 0.783650
