10 0.374202 0.443218 0.427842 0.443218 0.427842 0.518637 0.374202 0.518637
9 0.033844 0.434838 0.054278 0.434838 0.054278 0.515843 0.033844 0.515843
2 0.019796 0.423664 0.035121 0.423664 0.035121 0.527016 0.019796 0.527016
4 0.515326 0.054949 0.584291 0.054949 0.584291 0.099642 0.515326 0.099642
4 0.396552 0.689028 0.410600 0.689028 0.410600 0.867799 0.396552 0.867799
4 0.409323 0.856625 0.477011 0.856625 0.477011 0.898525 0.409323 0.898525
7 0.046616 0.309139 0.765645 0.309139 0.765645 0.437631 0.046616 0.437631
1 0.931673 0.432044 0.991699 0.432044 0.991699 0.527016 0.931673 0.527016
0 0.918902 0.845452 0.969987 0.845452 0.969987 0.971150 0.918902 0.971150
8 0.747765 0.253273 0.778416 0.253273 0.778416 0.303553 0.747765 0.303553
8 0.751596 0.451597 0.773308 0.451597 0.773308 0.510257 0.751596 0.510257
8 0.935504 0.258860 0.955939 0.258860 0.955939 0.306346 0.935504 0.306346
8 0.932950 0.052156 0.957216 0.052156 0.957216 0.105229 0.932950 0.105229
